1, 19, 1, DECIN
2, 27, 1, LIBEREC
3, 19, 4, USTI NAD LABEM
4, 15, 3, TEPLICE
5, 28, 4, Turnov
6, 40, 4, BROUMOV
7, 36, 5, TRUTNOV
8, 13, 6, MOST
9, 11, 7, CHOMUTOV
10, 26, 7, MLADA BOLESLAV
11, 31, 7, Jicin
12, 39, 8, NACHOD
13, 36, 8, Jaromer
14, 38, 10, DOBRUSKA
15, 6, 11, KARLOVY VARY
16, 49, 12, JESENIK
17, 35, 12, HRADEC KRALOVE
18, 18, 13, KLADNO
19, 22, 14, PRAHA, 1000000
20, 54, 14, KRNOV
21, 1, 14, CHEB
22, 45, 14, KRALIKY
23, 35, 15, PARDUBICE
24, 29, 15, KOLIN
25, 39, 16, VYSOKE MYTO
26, 52, 16, BRUNTAL
27, 47, 17, SUMPERK
28, 56, 17, OPAVA
29, 31, 18, Caslav
30, 41, 18, CESKA TREBOVA
31, 46, 18, ZABREH
32, 60, 20, OSTRAVA, 200000
33, 51, 20, MORAVSKY BEROUN
34, 46, 20, MOHELNICE
35, 42, 21, SVITAVY
36, 11, 21, PLZEN, 101000
37, 63, 21, CIESZYN
38, 50, 21, STERNBERK
39, 40, 22, POLICKA
40, 17, 22, PRIBRAM
41, 60, 22, FRYDEK-MISTEK
42, 33, 24, Havlickuv Brod
43, 50, 24, OLOMOUC
44, 61, 24, Frydlant Nad Ostravic
45, 54, 25, HRANICE
46, 44, 26, BOSKOVICE
47, 57, 26, VALASSKE MEZIRICI
48, 48, 27, PROSTEJOV
49, 52, 27, PREROV
50, 6, 27, Dormazlice
51, 65, 27, CADCA
52, 24, 28, TABOR
53, 33, 28, JIHLAVA
54, 10, 28, Klatovy
55, 37, 29, VELKE MEZIRICI
56, 44, 29, BLANSKO
57, 93, 30, Svidnik
58, 18, 30, PISEK
59, 47, 30, VYSKOV
60, 84, 30, Stara Lubovna
61, 51, 30, KROMERIZ
62, 90, 30, BARDEJOV
63, 24, 31, Sobeslav
64, 16, 31, Strakonice
65, 54, 31, Zlin
66, 36, 32, TREBIC
67, 64, 32, ZILINA
68, 43, 32, BRNO, 300000
69, 94, 32, STROPKOV
70, 32, 32, Telc
71, 27, 33, Jindrichuv Hradec
72, 59, 34, Puchov
73, 63, 34, RAJEC
74, 70, 34, RUZOMBEROK
75, 52, 35, UHERSKE HRADISTE
76, 66, 35, MARTIN
77, 78, 35, POPRAD
78, 83, 36, LEVOCA
79, 99, 36, SNINA
80, 22, 37, CESKE BUDEJOVICE
81, 90, 37, PRESOV
82, 83, 38, SPISSKA NOVA VES
83, 44, 37, HUSTOPECE
84, 96, 37, HUMENNE
85, 57, 38, TRENCIN
86, 94, 39, CEMERNE
87, 48, 39, HODONIN
88, 38, 39, ZNOJMO
89, 73, 40, BREZNO
90, 63, 40, PRIEVIDZA
91, 27, 41, Gmund
92, 46, 41, BRECLAV
93, 96, 41, MICHALOVCE
94, 55, 41, NOVE MESTO NAD VAHOM
95, 68, 41, BANSKA BYSTRICA
96, 90, 42, KOSICE, 110000
97, 63, 42, HANDLOVA
98, 60, 42, BANOVCE NAD BERAVOU
99, 94, 43, SECOVCE
100, 51, 42, Senica
101, 82, 43, ROZNAVA
102, 68, 44, ZVOLEN
103, 59, 45, TOPOLCANY
104, 98, 45, Velke Kapusany
105, 66, 47, BANSKA STIAVNICA
106, 47, 47, Malacky
107, 55, 47, HLOHOVEC
108, 80, 48, SAFARIKOVO
109, 77, 48, RIMAVSKA SOBOTA
110, 53, 48, TRNAVA
111, 50, 49, MODRA
112, 74, 49, LUCENEC
113, 58, 49, NITRA
114, 54, 50, SERED
115, 67, 50, Hantianske Nemce
116, 60, 51, VRABLE
117, 63, 52, LEVICE
118, 51, 52, SENEC
119, 48, 53, BRATISLAVA, 500000
120, 64, 55, ZELIEZOVCE
121, 50, 56, HUNGARY
122, 59, 56, NOVE ZAMKY
123, 64, 57, Kolonia
124, 57, 58, KOLAROVO
125, 62, 58, SVODIN
126, 53, 58, Gabcikovo
127, 55, 59, Calovo
128, 2, 24, Rozvadov
129, 23, 22, Sedlcany

1,2,60
3,5,60
3,8,60
3,10,60
6,12,60
7,12,60
8,18,60
9,15,60
10,11,60
11,17,60
12,14,60
12,16,60
15,36,60
16,20,60
16,22,60
17,25,60
19,40,60
22,25,60
22,27,60
23,25,60
24,29,60
25,30,60
26,27,60
26,33,60
27,31,60
29,42,60
30,31,60
30,35,60
31,34,60
32,37,60
32,41,60
33,38,60
34,43,60
35,39,60
35,46,60
36,40,60
36,54,60
37,41,60
37,44,60
38,43,60
40,52,60
40,58,60
40,129,60
41,44,60
42,52,60
42,53,60
42,129,60
44,47,60
44,51,60
45,47,60
45,49,60
46,48,60
46,56,60
47,49,60
47,65,60
48,49,60
49,61,60
50,54,60
50,128,60
51,67,60
52,63,60
53,55,60
53,66,60
54,64,60
55,46,60
56,59,60
56,68,60
57,62,60
57,69,60
58,63,60
58,64,60
60,62,60
60,77,60
60,78,60
64,80,60
67,74,60
68,75,60
69,81,60
69,84,60
69,84,60
71,80,60
71,91,60
72,73,60
72,90,60
73,90,60
74,76,60
74,89,60
75,85,60
78,82,60
79,84,60
80,91,60
82,101,60
83,87,60
83,88,60
84,86,60
85,90,60
86,93,60
86,99,60
88,91,60
89,95,60
89,101,60
90,95,60
90,97,60
90,98,60
93,99,60
93,104,60
94,98,60
95,102,60
96,99,60
97,98,60
99,104,60
101,96,60
101,108,60
102,105,60
102,112,60
103,105,60
105,115,60
106,111,60
108,109,60
109,112,60
110,111,60
110,114,60
111,118,60
112,115,60
113,114,60
113,116,60
115,117,60
116,117,60
117,120,60
117,122,60
120,123,60
122,124,60
123,125,60
124,125,60
124,126,60
124,127,60
1,3,90
3,4,90
4,8,90
5,7,90
6,7,90
8,9,90
13,14,90
13,17,90
15,18,90
15,21,90
17,23,90
18,19,90
19,24,90
19,129,90
20,26,90
21,36,90
23,24,90
23,29,90
26,28,90
28,32,90
32,33,90
32,45,90
33,34,90
34,39,90
39,42,90
52,70,90
61,65,90
63,71,90
63,80,90
65,75,90
66,68,90
66,70,90
66,88,90
70,71,90
75,87,90
77,78,90
78,81,90
81,86,90
87,92,90
88,92,90
92,100,90
94,100,90
98,103,90
103,107,90
105,116,90
107,110,90
118,116,90
119,118,90
119,121,90
121,126,90
126,127,90
129,52,90
2,5,130
4,19,130
5,10,130
10,19,130
19,17,130
19,36,130
19,68,130
36,128,130
43,45,130
43,48,130
48,59,130
59,61,130
59,68,130
67,85,130
68,92,130
73,76,130
76,77,130
81,96,130
85,110,130
92,119,130
110,119,130
